481 425
481 493
488 562
500 631
525 698
566 756
622 803
684 843
752 855
819 849
882 816
932 768
965 709
989 640
1005 569
1012 501
1009 433
528 340
566 318
610 320
653 330
694 350
811 343
856 321
903 310
951 310
992 332
746 404
742 453
737 503
733 553
691 587
715 595
740 601
768 595
795 589
570 405
604 389
642 389
675 415
639 421
601 420
833 419
869 393
909 392
940 412
912 427
872 427
647 682
682 660
718 646
744 654
773 648
814 663
857 685
816 719
776 737
745 739
715 735
681 720
664 684
718 681
744 683
774 681
837 687
774 686
744 687
718 684
